$ANSIBLE_VAULT;1.1;AES256
65383165343730326265643633616333643762353233333461643761383931303731303663383063
3363363234666338346566366464646439363735323131340a386437383135313366663739623266
62363932363632323130356238613930653961363130626164633131353037323533343830656130
3262363532656664640a613966653764383539316661313138633433633466356136643631613735
30393338623763393736623762653334373062646466336336353764363731333831646133383563
39633230386564313561326235356432393136653137366163303666316330646164633665333462
37646338656435363536633732326434353038343531356665343635316230376538396363613865
32313836623630633566643338396232613739396334613764353766353933353234663966616534
65656137653365303630316232396663316362316364623538306266393563343861343062626239
62646138303961373133626165346334383461373736666566653131306639353037646661333236
32313161353464326366386363326535356433336634313361613631643366663765326231323563
30353238313939616162316633373761366665366163663363376565643961643766386539653938
30633562373830356564666463306165313134393332303866303936643061353734343063623466
32663661346430323861656535353764386638646336653662323464363463643738613862316164
64376537666632396437646131613862313738396638643761393532643666643138396435346439
37353336653833636661613036376434353338663436366136663035633461333534656332633033
65343430363835666230306131666233666233646364363461346666363334636235663639356166
36633431646461393163313366613863393531646563346362663439343938346333663235313535
32333131316565323261643937356563663130623834303337636566663939383738643938386261
66366461626333653365646136646238363461643537636161336534363062396631393964333635
38396663613639393334616465333434393838616161653164383637623939633965363837646638
31366161626238613061613138343037666234653662313333613564383162653866646364346132
63633366653566383834316239613732333030623730323062356333633035323839633363616130
36653539393331306264643039613832343963383664633666363762316533633463626562303765
3230
